20.038
44.300
22.265
30.605
20.791
22.217
18.940
27.802
35.602
26.813
13.658
29.892
12.845
15.190
7.991
32.095
9.453
10.301
7.221
27.373
9.676
28.206
14.048
29.212
9.219
5.572
11.385
19.282
5.604
10.812
15.398
4.314
10.565
13.634
8.853
24.231
5.742
4.659
4.183
17.199
3.840
6.596
4.389
8.496
14.974
3.469
7.320
4.809
4.872
3.460
12.388
5.890
18.563
4.514
10.414
9.075
5.684
14.602
3.300
9.518
10.778
13.174
6.152
2.547
15.113
6.710
5.154
2.249
2.371
3.149
13.036
3.471
12.999
2.236
9.865
4.849
12.262
9.833
9.874
4.103
9.507
12.934
12.690
9.628
2.182
12.145
3.294
1.984
9.715
10.949
6.276
2.728
2.051
10.357
9.918
3.751
2.223
3.510
2.508
8.607
1.964
11.998
10.031
2.408
5.650
2.365
7.484
4.579
2.489
11.240
5.659
1.844
6.432
8.291
9.881
1.799
5.294
9.984
9.997
10.584
6.728
12.238
2.070
1.982
6.696
2.148
2.406
5.593
8.705
10.703
2.059
3.340
9.114
8.125
2.489
8.756
8.947
1.873
2.585
2.530
11.776
3.231
2.566
3.241
6.950
11.328
10.052
9.618
9.520
1.844
2.881
3.196
9.265
8.594
2.546
8.930
11.586
12.232
8.746
2.551
