20.521
17.807
19.951
24.299
21.754
16.936
15.893
19.346
15.519
16.326
9.555
14.272
10.867
6.829
10.220
11.407
8.317
11.754
8.288
11.266
7.351
10.325
8.538
6.348
5.713
6.114
5.529
5.917
8.518
7.541
4.276
2.915
4.559
5.002
4.789
4.513
4.501
2.975
5.749
5.077
3.937
4.711
3.721
3.571
4.321
3.188
3.897
4.756
3.155
5.657
2.020
4.213
2.344
2.492
2.665
3.460
11.982
2.346
1.946
2.023
2.143
2.989
3.862
2.748
3.334
2.752
3.129
2.309
3.450
2.852
3.235
3.566
2.222
2.594
2.573
2.188
2.368
2.429
2.030
2.478
2.018
2.491
3.198
2.499
1.785
2.661
3.011
2.547
1.991
3.087
1.887
2.064
2.521
1.474
2.466
2.715
3.304
3.066
2.369
2.578
2.325
2.134
2.895
2.234
2.562
1.887
2.637
2.601
3.170
2.562
1.958
2.593
2.197
2.619
2.539
2.372
2.396
2.010
3.045
1.953
1.500
1.947
3.255
2.101
2.750
2.756
2.913
2.101
1.906
2.540
2.584
2.675
3.090
2.284
1.867
2.949
2.495
2.472
2.553
3.144
3.825
2.881
2.293
1.984
1.889
2.519
3.904
2.563
2.167
3.435
2.647
2.639
2.196
2.430
2.959
2.176
4.937
2.266
2.280
3.056
