0.756 0.006
0.206 0.004
0.355 0.006
1.712 0.006
0.285 0.006
0.668 0.006
1.214 0.007
2.921 0.005
0.326 0.004
64.452 0.185
1.779 0.004
0.488 0.004
11.781 0.006
0.307 0.003
7.720 0.006
8.254 0.007
1.540 0.004
0.312 0.004
32.449 0.007
32.913 0.006
82.070 0.008
0.386 0.005
56.740 0.006
57.155 0.006
0.545 0.005
1.499 0.006
0.645 0.004
0.517 0.004
1.486 0.004
57.427 0.006
56.698 0.006
1.373 0.006
0.298 0.006
4.583 0.006
37.639 0.006
37.130 0.006
0.286 0.004
0.447 0.004
0.090 0.003
35.474 0.004
35.906 0.004
34.833 0.005
0.758 0.004
34.639 0.006
0.186 0.004
0.090 0.003
17.259 0.006
17.534 0.005
4.343 0.005
4.253 0.006
0.193 0.003
0.194 0.003
0.197 0.005
1.233 0.004
0.144 0.003
0.144 0.003
0.144 0.003
7.521 0.004
7.536 0.006
7.544 0.005
7.522 0.004
7.526 0.004
7.521 0.006
0.177 0.005
0.549 0.005
0.156 0.003
0.203 0.004
0.144 0.006
4.496 0.006
4.453 0.006
4.432 0.005
4.266 0.006
0.236 0.005
0.190 0.003
0.161 0.003
0.164 0.003
5.008 0.005
5.145 0.006
5.309 0.006
5.126 0.006
0.232 0.005
0.217 0.005
CVC4 interrupted by SIGTERM.
timeout: the monitored command dumped core
300.062 0.006
CVC4 interrupted by SIGTERM.
timeout: the monitored command dumped core
300.069 0.009
CVC4 interrupted by SIGTERM.
timeout: the monitored command dumped core
300.062 0.011
CVC4 interrupted by SIGTERM.
timeout: the monitored command dumped core
300.060 0.009
0.220 0.005
8.637 0.004
1.898 0.004
29.729 0.004
29.323 0.006
29.734 0.004
0.216 0.004
116.810 0.008
0.678 0.005
CVC4 interrupted by SIGTERM.
timeout: the monitored command dumped core
300.060 0.008
CVC4 interrupted by SIGTERM.
timeout: the monitored command dumped core
300.062 0.008
0.171 0.005
CVC4 interrupted by SIGTERM.
timeout: the monitored command dumped core
300.060 0.009
CVC4 interrupted by SIGTERM.
timeout: the monitored command dumped core
300.057 0.009
8.669 0.007
0.273 0.004
0.603 0.004
13.835 0.006
0.272 0.005
1.287 0.006
1.491 0.004
115.351 0.008
CVC4 interrupted by SIGTERM.
timeout: the monitored command dumped core
300.104 0.404
0.453 0.006
0.149 0.006
0.422 0.006
11.742 0.008
(error "Parse Error: ./cvc4_test_inputs/CrCy_2-P6_2-P6.sl:106.8: Cannot handle nested unresolved symbol d5

     ) ) )
          ^

")
0.034 0.127
0.452 0.006
1.936 0.009
0.436 0.006
1.141 0.009
0.682 0.007
0.103 0.004
6.537 0.005
2.210 0.008
38.640 0.343
3.989 0.007
0.460 0.006
4.026 0.007
12.863 0.005
0.323 0.006
4.863 0.008
21.455 0.007
77.606 0.007
4.767 0.008
1.784 0.006
21.614 0.181
80.376 0.008
3.405 0.006
8.597 0.006
237.136 0.009
24.739 0.007
176.710 0.011
10.524 0.008
5.959 0.007
36.622 0.314
169.196 0.009
15.236 0.006
14.945 0.007
65.292 0.008
6.878 0.007
0.087 0.006
0.132 0.007
2.130 0.007
0.495 0.006
2.469 0.005
31.763 0.007
0.296 0.007
0.710 0.006
0.253 0.007
0.119 0.005
20.375 0.008
76.519 0.010
1.238 0.007
8.169 0.007
5.840 0.005
1.138 0.007
0.446 0.007
0.194 0.006
27.909 0.006
128.171 0.010
4.359 0.006
12.953 0.006
6.032 0.005
4.633 0.007
2.218 0.007
37.777 0.201
4.203 0.004
0.431 0.007
4.479 0.007
13.013 0.007
13.132 0.006
0.382 0.005
23.300 0.006
19.471 0.007
75.755 0.009
1.111 0.006
7.488 0.005
4.789 0.006
1.134 0.005
18.586 0.006
72.421 0.009
1.063 0.006
7.398 0.006
77.189 0.008
4.690 0.005
1.067 0.005
0.478 0.005
0.418 0.006
0.180 0.006
0.174 0.005
4.642 0.007
1.659 0.004
19.878 0.251
77.100 0.009
3.209 0.006
8.477 0.005
223.181 0.009
19.807 0.006
150.983 0.009
9.928 0.008
5.118 0.006
