0.214
0.153
0.186
0.842
0.190
0.547
0.619
1.101
0.357
8.558
1.245
0.354
1.145
0.308
2.849
2.756
0.559
0.312
2.607
2.687
4.742
0.263
3.073
2.956
0.283
0.384
0.493
0.418
1.127
3.138
3.007
0.370
0.260
0.723
2.653
2.578
0.228
0.280
0.208
2.439
2.181
2.703
0.264
2.552
0.239
0.183
2.935
2.820
0.746
0.636
0.126
0.144
0.183
0.386
0.142
0.126
0.143
2.873
2.899
2.888
3.022
2.978
2.954
0.156
0.250
0.188
0.141
0.138
0.730
0.670
0.756
0.734
0.126
0.121
0.160
0.148
0.831
0.893
0.781
0.713
0.136
0.131
8.455
8.448
8.806
9.200
0.190
2.767
1.092
5.588
5.647
6.038
0.256
8.480
0.500
6.061
6.332
0.221
8.413
8.434
2.523
0.287
0.653
5.509
0.169
0.533
0.956
8.215
cvc5 interrupted by SIGTERM.
300.014
0.233
0.081
0.242
2.652
0.353
1.255
0.184
1.206
0.359
0.058
0.542
0.829
2.485
0.975
0.260
0.915
2.089
0.205
0.764
2.934
20.069
3.534
1.090
8.230
20.032
1.442
2.977
13.831
7.371
39.044
5.743
2.686
20.179
40.980
4.567
5.246
30.692
1.209
0.083
0.082
0.955
0.325
0.779
2.740
0.207
0.437
0.185
0.115
4.847
18.288
0.556
3.774
2.368
0.875
0.216
0.226
6.617
36.271
2.645
4.934
0.605
0.820
0.920
2.368
0.966
0.259
0.905
2.171
2.113
0.255
2.954
4.510
17.972
0.616
3.773
2.556
0.861
4.612
18.353
0.566
3.859
20.704
2.461
0.880
0.216
0.217
0.227
0.226
3.447
1.296
8.880
21.498
1.430
3.073
14.192
7.676
43.513
5.830
2.722
