0.017
0.006
0.007
0.006
0.005
0.007
0.008
0.008
0.007
0.211
0.006
0.006
0.005
0.005
0.005
0.007
0.006
0.006
0.006
0.005
0.006
0.007
0.008
0.007
0.006
0.005
0.007
0.006
0.006
0.006
0.006
0.006
0.008
0.007
0.006
0.006
0.005
0.006
0.006
0.006
0.007
0.005
0.006
0.005
0.005
0.007
0.005
0.005
0.006
0.006
0.006
0.006
0.006
0.006
0.006
0.006
0.005
0.005
0.004
0.006
0.006
0.006
0.006
0.006
0.005
0.006
0.006
0.004
0.006
0.004
0.004
0.006
0.005
0.006
0.005
0.005
0.004
0.005
0.006
0.005
0.008
0.006
0.005
0.004
0.006
0.006
0.004
0.007
0.005
0.004
0.007
0.006
0.004
0.003
0.003
0.004
0.004
0.004
0.008
0.008
0.007
0.006
0.007
0.006
0.006
0.004
0.003
0.003
0.774
0.006
0.005
0.006
0.005
1.305
0.008
0.009
0.005
0.007
0.007
0.006
0.006
0.007
0.169
0.007
0.006
0.007
0.005
0.003
0.003
0.007
0.008
0.009
0.006
0.173
0.007
0.007
0.007
0.008
0.009
0.008
0.007
0.006
0.175
0.008
0.008
0.007
0.008
0.006
0.007
0.006
0.007
0.007
0.008
0.008
0.006
0.006
0.007
0.006
0.007
0.008
0.007
0.007
0.006
0.006
0.007
0.007
0.007
0.008
0.007
0.007
0.008
0.007
0.007
0.170
0.007
0.007
0.006
0.006
0.007
0.006
0.006
0.007
0.007
0.006
0.006
0.005
0.005
0.008
0.008
0.004
0.006
0.008
0.007
0.006
0.006
0.005
0.005
0.005
0.008
0.005
0.194
0.009
0.007
0.005
0.008
0.008
0.008
0.007
0.007
