2.160
1.795
1.977
1.614
6.352
2.013
3.364
2.616
2.595
1.980
2.175
2.579
2.345
2.161
1.941
2.157
3.861
1.861
3.235
3.072
1.950
3.835
2.597
1.609
2.118
2.660
2.555
2.039
2.333
2.970
2.809
2.690
2.826
2.910
2.047
1.806
2.016
2.503
2.099
2.267
2.877
2.528
2.578
2.440
2.276
1.977
2.148
1.760
4.200
2.471
1.877
2.447
2.259
2.991
2.049
4.463
2.483
2.793
2.106
2.533
2.692
2.930
2.033
2.228
1.793
2.011
2.036
2.290
2.539
1.995
3.072
2.281
3.142
2.720
2.280
2.107
2.425
3.116
2.586
2.161
2.391
2.527
1.858
1.882
2.390
1.906
1.894
5.358
2.441
1.904
3.153
2.141
4.892
4.649
2.145
1.636
2.300
2.472
1.649
1.728
