4.115
2.183
2.316
1.940
2.180
2.514
2.095
1.856
2.936
2.897
2.087
4.197
1.928
3.178
2.019
2.882
1.670
2.517
3.030
2.556
1.954
2.024
3.142
2.039
3.387
2.019
2.359
1.588
2.554
2.859
2.054
2.173
2.855
2.289
1.802
2.108
2.128
10.445
2.902
2.052
3.205
2.381
1.827
2.261
2.061
2.230
2.214
1.790
2.007
2.810
2.148
2.525
1.440
3.434
1.995
2.378
1.942
2.000
2.474
2.398
1.947
2.442
3.929
2.584
1.869
2.103
3.347
2.106
2.041
2.279
1.924
2.354
10.527
2.638
1.800
2.409
3.760
1.975
4.091
2.225
1.840
1.777
2.673
1.570
2.302
1.754
1.971
2.788
2.242
4.457
6.916
2.437
2.389
1.880
3.732
2.913
2.354
1.997
2.041
2.141
