0.008
0.007
0.006
0.007
0.006
0.006
0.007
0.006
0.006
0.289
0.006
0.006
0.006
0.006
0.007
0.007
0.007
0.006
0.006
0.006
0.006
0.006
0.006
0.005
0.005
0.006
0.006
0.005
0.005
0.005
0.005
0.005
0.005
0.006
0.006
0.005
0.006
0.006
0.005
0.005
0.006
0.005
0.007
0.006
0.005
0.006
0.005
0.006
0.006
0.006
0.005
0.005
0.005
0.006
0.006
0.007
0.006
0.005
0.005
0.006
0.006
0.006
0.005
0.006
0.006
0.006
0.005
0.005
0.006
0.006
0.005
0.005
0.006
0.006
0.005
0.006
0.006
0.005
0.005
0.005
0.005
0.005
0.007
0.007
0.009
0.009
0.005
0.007
0.006
0.005
0.007
0.006
0.006
0.006
0.006
0.007
0.007
0.005
0.007
0.006
0.007
0.006
0.006
0.006
0.006
0.006
0.007
0.006
0.251
0.006
0.006
0.005
0.006
0.006
0.007
0.006
0.007
0.006
0.005
0.006
0.007
0.343
0.006
0.006
0.005
0.006
0.005
0.006
0.007
0.007
0.007
0.006
0.431
0.008
0.006
0.006
0.007
0.006
0.006
0.005
0.004
0.158
0.008
0.007
0.007
0.007
0.007
0.006
0.006
0.005
0.006
0.005
0.005
0.006
0.005
0.005
0.005
0.006
0.007
0.005
0.006
0.005
0.005
0.005
0.006
0.006
0.007
0.005
0.006
0.006
0.006
0.006
0.263
0.006
0.007
0.006
0.006
0.006
0.006
0.007
0.006
0.007
0.006
0.006
0.006
0.006
0.006
0.007
0.006
0.006
0.007
0.006
0.006
0.006
0.006
0.006
0.006
0.007
0.005
0.162
0.007
0.006
0.006
0.007
0.007
0.007
0.007
0.005
