15.788
12.024
9.794
16.232
15.104
16.737
8.047
26.831
30.428
18.495
10.005
12.127
13.130
13.205
11.076
9.641
12.173
25.159
9.974
17.915
12.761
11.562
12.599
9.399
11.195
10.903
15.561
10.303
8.902
13.054
9.481
18.773
8.160
10.626
30.402
14.592
9.891
12.930
12.633
20.930
12.933
16.404
12.559
16.059
12.101
11.927
19.054
14.601
14.851
11.328
11.265
14.773
15.474
11.501
12.875
12.547
12.693
10.557
15.580
8.807
14.736
19.683
13.127
12.208
11.017
15.370
17.945
11.725
15.439
12.416
9.676
12.535
14.843
22.309
11.218
11.728
13.434
17.181
13.970
14.999
12.940
15.133
15.413
18.813
29.974
10.112
14.889
21.224
10.112
12.540
16.563
12.684
17.398
13.130
19.299
32.371
13.481
16.102
10.922
12.299
