0.007
0.005
0.007
0.006
0.007
0.005
0.006
0.006
0.005
0.282
0.007
0.007
0.007
0.007
0.007
0.006
0.006
0.006
0.006
0.006
0.006
0.006
0.006
0.006
0.005
0.007
0.005
0.006
0.006
0.006
0.005
0.005
0.005
0.006
0.006
0.005
0.005
0.006
0.006
0.005
0.006
0.005
0.006
0.005
0.005
0.005
0.005
0.005
0.005
0.005
0.006
0.005
0.005
0.005
0.006
0.005
0.005
0.006
0.006
0.006
0.005
0.005
0.005
0.006
0.005
0.005
0.006
0.005
0.005
0.005
0.005
0.005
0.005
0.006
0.005
0.005
0.006
0.006
0.006
0.006
0.004
0.005
0.007
0.007
0.009
0.009
0.006
0.007
0.007
0.006
0.005
0.005
0.006
0.005
0.006
0.007
0.007
0.005
0.008
0.008
0.007
0.006
0.006
0.006
0.005
0.006
0.005
0.006
0.240
0.006
0.005
0.006
0.006
0.006
0.007
0.006
0.007
0.006
0.005
0.007
0.007
0.224
0.006
0.005
0.004
0.006
0.004
0.004
0.007
0.007
0.008
0.006
0.262
0.006
0.006
0.005
0.006
0.007
0.006
0.006
0.004
0.366
0.007
0.006
0.006
0.007
0.006
0.005
0.006
0.006
0.005
0.006
0.006
0.006
0.005
0.005
0.006
0.006
0.007
0.005
0.005
0.005
0.006
0.005
0.006
0.006
0.007
0.005
0.006
0.006
0.006
0.007
0.307
0.006
0.006
0.006
0.005
0.006
0.006
0.007
0.006
0.007
0.006
0.006
0.006
0.006
0.007
0.008
0.006
0.005
0.006
0.006
0.005
0.005
0.005
0.005
0.005
0.006
0.006
0.256
0.007
0.006
0.006
0.008
0.006
0.006
0.006
0.006
