0.008
0.005
0.005
0.006
0.005
0.005
0.006
0.006
0.005
0.190
0.007
0.007
0.007
0.006
0.006
0.007
0.006
0.006
0.006
0.006
0.006
0.006
0.006
0.007
0.006
0.007
0.006
0.005
0.006
0.006
0.006
0.006
0.005
0.006
0.006
0.005
0.006
0.006
0.006
0.006
0.006
0.006
0.006
0.006
0.006
0.007
0.007
0.006
0.006
0.006
0.006
0.006
0.006
0.005
0.006
0.006
0.006
0.005
0.006
0.005
0.005
0.005
0.006
0.006
0.006
0.006
0.006
0.005
0.006
0.006
0.006
0.006
0.006
0.006
0.005
0.006
0.005
0.006
0.005
0.005
0.005
0.005
0.007
0.008
0.009
0.009
0.006
0.007
0.007
0.006
0.007
0.006
0.006
0.006
0.006
0.007
0.007
0.007
0.009
0.008
0.007
0.005
0.006
0.006
0.006
0.006
0.006
0.006
0.189
0.007
0.006
0.007
0.006
0.130
0.007
0.007
0.006
0.007
0.006
0.006
0.006
0.006
0.186
0.005
0.005
0.005
0.005
0.004
0.004
0.005
0.005
0.006
0.004
0.141
0.009
0.006
0.006
0.007
0.006
0.007
0.007
0.006
0.188
0.008
0.006
0.007
0.007
0.006
0.005
0.005
0.006
0.006
0.006
0.006
0.006
0.006
0.005
0.005
0.006
0.007
0.006
0.006
0.006
0.005
0.005
0.005
0.006
0.007
0.006
0.005
0.006
0.006
0.007
0.172
0.007
0.007
0.006
0.006
0.005
0.009
0.007
0.007
0.007
0.006
0.007
0.006
0.006
0.006
0.008
0.006
0.006
0.007
0.006
0.006
0.006
0.006
0.006
0.005
0.007
0.006
0.193
0.007
0.007
0.006
0.005
0.005
0.005
0.007
0.006
