28.378
28.999
37.595
27.498
28.202
23.490
30.496
25.898
30.496
39.198
29.794
32.599
25.596
28.994
47.315
26.611
35.207
38.179
26.923
44.182
29.712
48.369
27.797
36.633
24.260
48.496
46.398
28.304
32.203
28.399
28.907
45.883
28.393
30.001
38.702
26.709
35.890
36.295
38.292
55.260
49.138
40.996
36.996
39.099
35.695
35.098
41.903
37.387
51.398
47.398
46.792
40.965
39.276
39.250
42.099
42.203
39.731
42.276
40.387
54.785
39.849
38.543
43.368
39.868
42.156
52.992
41.798
40.996
37.998
41.496
39.552
45.341
50.598
38.394
40.180
38.622
38.599
36.086
51.570
50.424
35.797
34.697
37.496
27.804
27.397
25.996
43.110
29.809
33.071
52.897
44.689
34.004
27.696
30.589
25.318
46.374
52.204
28.897
29.840
34.455
41.995
31.596
29.807
29.384
39.701
41.292
37.879
31.957
