49.733
42.698
18.214
67.714
31.795
17.629
17.005
16.739
18.747
14.713
14.091
15.168
14.177
16.687
15.328
14.120
14.132
29.639
27.273
13.755
14.692
14.934
21.588
15.221
16.313
7.832
7.866
7.169
7.888
10.812
11.444
7.601
38.949
9.601
10.811
8.322
12.594
8.881
26.601
7.822
32.761
22.890
8.614
13.082
11.494
28.704
7.739
7.815
27.435
8.296
6.293
22.429
5.237
25.032
5.475
20.347
23.467
7.224
5.862
6.164
5.162
7.365
20.906
4.764
13.567
8.974
20.598
22.349
8.438
9.685
19.148
4.887
5.988
5.402
5.751
19.567
3.491
17.675
5.098
17.499
6.137
5.183
4.409
3.920
4.349
6.836
9.438
4.831
3.724
3.988
5.980
7.648
5.859
4.076
3.566
4.154
4.376
3.990
3.672
3.850
3.043
3.326
3.083
7.889
6.135
5.494
16.385
7.047
13.543
3.625
21.497
12.951
4.549
7.874
5.339
4.150
7.791
3.571
3.651
6.212
15.919
2.783
3.430
16.334
3.366
2.746
4.179
3.119
2.969
3.795
6.438
3.786
5.330
12.619
4.474
6.502
3.383
13.560
20.872
14.327
14.266
2.880
14.099
5.070
10.044
6.211
3.619
4.458
10.377
11.340
3.702
2.578
2.698
2.256
11.461
3.745
2.621
2.947
7.073
3.040
2.657
3.371
4.635
4.230
3.754
2.653
4.176
2.396
12.064
10.724
3.295
4.436
2.901
2.495
11.448
2.205
2.426
2.235
11.250
12.766
3.293
2.375
2.007
2.087
8.044
2.331
9.931
3.477
3.773
2.324
9.581
2.425
2.064
2.970
10.494
2.507
10.381
9.081
2.913
4.019
