79.891
19.060
15.215
13.403
14.125
15.165
25.438
17.490
16.633
12.657
16.549
18.281
14.297
66.804
19.616
17.280
32.058
57.452
15.405
36.104
14.624
14.953
42.964
12.427
14.620
39.113
7.525
6.760
12.262
8.045
6.658
7.948
7.703
9.035
7.320
7.629
6.943
9.051
8.556
6.350
9.688
8.464
26.064
7.863
6.675
7.236
13.276
11.460
7.291
42.058
5.611
5.463
5.011
26.327
10.638
4.556
12.093
5.222
12.744
4.917
5.726
6.414
5.789
4.953
5.541
6.711
6.772
17.785
11.529
5.699
6.236
5.760
23.974
4.835
7.280
4.916
5.673
4.476
5.291
14.145
8.272
6.450
14.191
6.231
3.628
4.260
5.599
5.077
5.070
25.905
3.775
3.026
22.867
4.752
4.759
6.099
9.880
3.824
17.191
3.432
3.071
3.290
3.445
14.205
14.631
15.250
12.894
3.078
3.424
3.272
2.995
7.002
6.377
7.415
3.314
3.264
3.232
3.018
3.051
2.876
2.643
14.878
3.116
3.189
3.354
3.931
2.852
3.082
16.014
2.925
11.713
5.125
3.516
3.565
4.317
18.172
17.802
2.685
2.616
2.620
11.702
2.781
3.313
3.450
2.286
4.675
2.763
2.793
11.175
5.230
11.229
2.647
10.672
1.730
2.318
2.445
2.389
12.594
4.005
2.706
2.373
2.254
3.352
2.203
2.518
2.632
2.494
14.006
2.295
1.972
15.281
2.183
2.707
2.402
3.918
5.638
1.862
1.794
3.330
1.914
9.185
2.437
1.996
2.473
12.262
2.549
8.374
2.265
10.842
1.766
2.675
3.005
2.114
2.851
2.739
1.911
9.522
1.950
2.236
2.199
