13.645
15.808
12.907
14.592
17.779
14.834
25.146
16.845
14.878
47.127
12.203
15.811
15.038
17.242
22.744
16.816
37.266
65.360
58.847
56.852
17.444
56.841
25.703
13.596
14.734
10.031
15.824
14.416
39.057
12.570
8.979
8.997
30.112
35.592
35.745
8.198
7.787
11.026
34.056
11.156
33.861
6.819
30.099
8.532
12.307
13.410
7.607
12.127
6.959
7.129
6.805
5.116
6.629
8.129
5.896
5.543
5.531
8.506
6.139
5.416
19.881
5.414
5.587
26.291
5.362
6.171
17.826
20.116
6.734
10.181
6.886
9.242
18.696
5.062
25.816
5.210
9.723
7.187
3.951
16.828
21.257
7.760
4.652
17.990
21.399
4.028
17.763
4.406
4.488
5.198
7.324
7.746
21.735
4.409
4.655
17.535
14.407
4.601
5.681
5.786
15.682
22.504
3.730
3.047
15.279
20.285
14.464
16.443
12.949
12.245
7.054
9.415
4.362
3.069
4.440
14.306
4.008
4.393
4.025
3.956
15.008
6.621
13.369
5.329
4.335
3.396
20.314
10.475
4.522
3.216
3.060
4.814
12.634
11.965
12.187
3.318
3.250
3.634
2.963
11.476
2.841
3.589
4.211
3.644
2.922
7.182
13.552
2.946
2.925
3.905
12.284
2.833
4.377
12.161
2.802
10.902
5.417
4.486
5.512
12.071
2.851
3.908
2.886
10.961
4.130
3.340
2.734
11.341
6.034
3.827
4.222
10.540
3.103
10.617
10.636
12.029
3.219
8.268
3.471
6.710
12.118
2.793
2.502
2.600
4.195
11.333
9.539
10.940
2.720
3.339
2.792
3.463
2.707
3.545
5.099
2.264
2.810
8.615
2.138
2.714
