17.778
17.404
16.454
15.583
33.267
18.726
52.833
33.534
16.589
20.486
12.803
16.309
19.216
56.471
14.056
16.479
15.636
15.582
16.504
22.383
38.388
18.064
12.329
34.916
43.294
27.810
7.509
8.117
7.190
8.745
8.848
8.046
18.847
10.824
13.596
7.864
6.796
20.639
11.409
11.029
6.861
11.104
7.058
38.598
30.043
6.549
25.519
23.299
7.734
31.067
5.498
5.121
5.439
7.203
6.493
7.123
5.326
5.984
5.499
5.604
6.471
21.099
20.609
4.941
8.547
4.864
5.134
5.582
4.646
28.446
5.131
5.390
10.477
5.005
5.468
4.486
3.731
21.443
6.774
5.934
6.067
4.155
3.865
4.320
15.279
4.490
4.154
7.458
4.654
3.573
3.776
20.476
11.948
3.020
3.847
3.654
3.768
3.854
4.156
17.753
13.684
10.103
3.283
2.688
5.702
5.870
25.172
6.357
3.314
11.005
3.473
4.762
4.223
2.835
2.609
2.936
3.073
5.042
2.305
3.472
3.057
14.849
3.540
17.632
6.690
5.324
2.596
9.926
11.615
11.920
3.145
3.270
7.632
19.799
2.698
9.568
3.521
2.601
2.621
11.650
3.455
2.873
20.392
9.058
2.508
7.082
2.608
2.428
2.429
5.806
5.206
2.326
4.007
1.811
3.370
2.631
2.394
2.687
2.631
10.259
10.094
9.755
8.208
2.813
2.514
2.259
2.259
4.068
2.508
2.231
11.432
2.433
9.244
2.460
11.232
2.099
1.886
11.034
1.978
1.816
2.173
1.964
4.667
1.865
2.424
4.310
8.854
2.800
8.297
2.219
2.219
3.338
3.078
1.910
1.646
2.204
2.572
11.195
8.796
6.650
